76.78276630705244 30.78923118475077
76.78276632591704 30.789231136905162
76.78276734550492 30.789228657422612
76.7831812757131 30.788221431221398
76.78358013578408 30.78718029360098
76.78363857748151 30.787061256534916
76.78369098250026 30.786954515161234
76.78372251426504 30.78689029016019
76.78386804762927 30.786589125166536
76.78433723770218 30.785618170522216
76.78508005550891 30.784080928584586
76.78586635986025 30.782328030638315
76.78644477429195 30.781041540514327
76.78675761887784 30.78030477617084
76.78683575703617 30.780120752450454
76.78686011934668 30.780063378579484
76.78687500532925 30.78001590117369
76.78694920257848 30.779779267821645
76.7870104470196 30.77958394731485
76.78630560818644 30.7795760805543
76.78619598228072 30.779574855738314
76.78615360246057 30.77957438263671
76.78465240892466 30.779422384160046
76.78403327565779 30.77928980890835
76.78376709855091 30.779232811172086
76.78350770641937 30.77916554867524
76.78291258332341 30.779011224163586
76.7818173097183 30.778746969161077
76.78031681866496 30.778391650719122
76.7802833384543 30.778383721346035
76.78028194426896 30.77838339179158
76.78027938317211 30.77838238228992
76.78024364190189 30.778368291713438
76.77929997966223 30.77799627952669
76.77998611557118 30.77655551184091
76.78023333014075 30.775974318572775
76.78066739788265 30.774953816452026
76.78076623412348 30.774721448072647
76.78264177270628 30.770806698309165
76.78265198655104 30.770788534336226
76.78306988102459 30.770732810521576
76.78314182979067 30.770723214861192
76.78316293121667 30.77072040223341
76.78360578987196 30.77072792624408
76.7848878259196 30.77074970095002
76.7866842947911 30.77078019602715
76.78827652898775 30.77077779479779
76.78828775523388 30.77077777858893
76.79013779783227 30.770849542208857
76.79038642185851 30.77029693177879
76.79114409690176 30.76876065759976
76.79114970777903 30.76858876950489
76.7911571305582 30.768361355057667
76.79118488221228 30.767511139602686
76.79131876442729 30.767517516854365
76.79133797400132 30.76751843230104
76.79134169841649 30.767518609060982
76.79145494812603 30.768568236247283
76.79147911460382 30.76866353809674
76.79148277074704 30.768677956594768
76.79148801241669 30.768698623362145
76.79150741153529 30.768978030674408
76.79171796945135 30.769102223791492
76.79220406851285 30.769344581296654
76.7936272837905 30.770054145975937
76.79561972373449 30.771047470002646
76.7957427740638 30.77109531614702
76.79585290212773 30.771138138306437
76.79591371358089 30.771161783107775
76.79800012987998 30.771330284373793
76.79800013077832 30.771330376223577
76.7980001999486 30.77133562323843
76.79800117462068 30.771409598553657
76.79800143513211 30.771429439630875
76.79799820119709 30.77143539210763
76.79796762344313 30.771491695943347
76.79785365508137 30.771701543545934
76.79774125877134 30.77188754693842
76.79762842228678 30.772042019493203
76.79759138025607 30.772096700564738
76.79756799980414 30.772131211872768
76.79755158309233 30.77215544688793
76.79754128929748 30.772179987545584
76.7975251681314 30.77221842440074
76.79750597382872 30.772264188312107
76.79750692604296 30.77233265970277
76.7975070356374 30.77234056487574
76.79750729075894 30.772358865943
76.79751306243465 30.77239950941245
76.79751458058749 30.77241020014405
76.79751880536426 30.77243994832765
76.79756061116095 30.772471454748413
76.79758389459478 30.77248900093362
76.79761913191012 30.77251555677359
76.79770337591746 30.77254610531974
76.79772999838924 30.772555759457926
76.79777655357881 30.77257264107615
76.79779824250305 30.772577682714676
76.79782219158854 30.77258324997386
76.79798088886493 30.772620140679393
76.79819442918776 30.7726670320523
76.79824435305969 30.772677995212323
76.79829522734917 30.772689166766835
76.79831471090934 30.772693403374326
76.79838862159598 30.772709470681708
76.79857286606077 30.77274952432077
76.79885570511954 30.772805322607375
76.79892219751856 30.772833701433868
76.79902522170521 30.772877673624812
76.79914470302789 30.772928667942093
76.79948276961203 30.773213865603335
76.79974157244875 30.773423230143617
76.79984144624375 30.773471874722176
76.79988722978051 30.773480097023548
76.80003574644981 30.77350676759255
76.80015043076885 30.773527362314557
76.8004648518981 30.7736054297238
76.80047082120313 30.773613091666224
76.80048540445348 30.77363180310416
76.8005764190631 30.773748591477055
76.8007006614568 30.774049509557493
76.80087293766702 30.77443103813535
76.8012280084612 30.774806282593964
76.80168869238666 30.77513925013141
76.80180442863292 30.77522289954733
76.80185570357101 30.77525995981203
76.80189885145076 30.775289772718832
76.80207609354787 30.775412238087743
76.80249898804429 30.775704437982007
76.80269003006082 30.7757881031146
76.80290464566704 30.77588209191026
76.80321355832695 30.776017376278023
76.80329081164473 30.776037191707214
76.80364062190459 30.776126915246422
76.80380591820507 30.776169312987534
76.80409028350152 30.776331851766916
76.80423228379175 30.776413013386698
76.80425335826833 30.776428881718754
76.80441168903207 30.776548094794997
76.80452779089266 30.77663551247828
76.80459945219782 30.77668306024297
76.80467955856496 30.77673621282143
76.8047755166036 30.776799882730423
76.80508908253671 30.77681022488995
76.8052454693462 30.77678615158238
76.80530146672774 30.776759836180183
76.80532097364414 30.776750668699936
76.80533374768747 30.77674466561299
76.80541630555702 30.776667161852544
76.80546249692894 30.776612609182642
76.8057420077296 30.776803639095505
76.80590826073585 30.776880936674797
76.80603638025832 30.776940505904843
76.80609067353576 30.77696189330394
76.80612743080057 30.77697637538984
76.80648273425838 30.777116343047627
76.8065465002705 30.777147888842453
76.80655603948048 30.77715260685697
76.80657214807016 30.77716057646513
76.80662969953715 30.777169012239863
76.80657892496066 30.777273267703446
76.80657715887281 30.77727777655426
76.80656567391192 30.777307103374255
76.80647787257605 30.77753130606965
76.80650336137393 30.777538482239027
76.80677155340202 30.777613980942167
76.80678183731537 30.777552678673242
76.80679252367398 30.777488978390576
76.80681018814573 30.77738368200482
76.80683556914576 30.777405077795205
76.80694524176387 30.777497527590693
76.80701102090053 30.777552977358663
76.80708954174122 30.777599641734625
76.80715040529667 30.777635813518014
76.80719001471249 30.77765935330186
76.80719047554823 30.77765894579352
76.80719465540925 30.77765525352091
76.80742746100164 30.777449572719327
76.80774350448826 30.77763573942558
76.80789124770808 30.77775155201957
76.8080733487926 30.777888441405917
76.80808190344906 30.777894872767288
76.80808653516267 30.77789835355908
76.80809949785223 30.777910273147665
76.80818311124223 30.777987157700107
76.80826114609431 30.77805891208386
76.80830731411004 30.7781021942195
76.80832911891692 30.778122635914706
76.80840397193629 30.77819281033958
76.80862617920499 30.778402537591383
76.80876798366246 30.778574910589406
76.80876962847776 30.778576909522286
76.80892848026438 30.778737626674467
76.80917243664442 30.778883302216602
76.80921810519682 30.778910573280882
76.80948450778085 30.77929118731279
76.80951645366899 30.779315144226064
76.80958778798737 30.779368638021598
76.80962698777144 30.77939803443633
76.81017853179631 30.779622420572895
76.81054684555438 30.77981709347919
76.81093170628 30.779691409993504
76.811508061773 30.77943763302667
76.81201692144886 30.77921149682549
76.81230001023927 30.779487439182446
76.8125154531939 30.77969744222418
76.81252517835513 30.779706921222584
76.81317952917438 30.780191765881483
76.81328616908009 30.78015653971315
76.81334112261929 30.780138386766613
76.8134187298733 30.780112750672885
76.8134852034077 30.78007884344195
76.81352073177719 30.780060720580085
76.81362625328035 30.780006895305277
76.8138749662398 30.779855523424352
76.8142411482957 30.7795136712579
76.8145037635825 30.779231375654778
76.81475958041922 30.778840956609567
76.81518306510876 30.77848048604815
76.81662874635339 30.77838910303956
76.8175155937446 30.778298960212272
76.8181220158502 30.778214897475294
76.81818294138935 30.778206451758983
76.818269693493 30.778169549303122
76.8182826184533 30.778164051056745
76.81830246403456 30.778155609966745
76.81835225585412 30.778109445982025
76.81840820293002 30.778057576882148
76.81851392655412 30.777959559905305
76.81851383941753 30.777958749521943
76.81851317556254 30.777952497992786
76.81850195201137 30.77784695050934
76.81845458923634 30.77769132803713
76.81843468077304 30.77762591291476
76.81843082071224 30.77761323075601
76.81842554131333 30.77759530655314
76.81842133719779 30.777581031401986
76.81834870122054 30.777334437401038
76.81817617977023 30.776943880994303
76.81807240189703 30.776611219162724
76.81807055046924 30.776477407463297
76.81807045165456 30.77647027983848
76.8180696557472 30.776412817347968
76.81815026337428 30.77619110035455
76.81815121289354 30.776188665300673
76.81815578262338 30.77617694616886
76.81825619630587 30.775919445208803
76.81823302156815 30.7756788439281
76.81823197952242 30.775668021579822
76.81823189777575 30.77566717721744
76.81816165850366 30.775496513206985
76.81815028942543 30.775485280233397
76.81807259772977 30.775408524889908
76.81800807533618 30.77534477996584
76.81782388027872 30.77524288185231
76.81769724567145 30.77514502949182
76.81764610817558 30.775117552056926
76.81764279968039 30.775115773791686
76.81750775863868 30.775043210663917
76.81749901623432 30.775039814668638
76.8174817344449 30.77503310063136
76.81736069544353 30.774986073028025
76.81735772830814 30.774967400444382
76.81735627034243 30.774958228934295
76.81734924821184 30.774914039269657
76.81745318508685 30.77487239504205
76.81770541045908 30.774982563573584
76.81771952389052 30.7749961691728
76.81773393466429 30.775010058798845
76.81774246237129 30.775018279425165
76.81792595853943 30.775065985439753
76.81834988070854 30.77512486656147
76.8186269184472 30.775140044330445
76.81903438258196 30.77514040476861
76.81937354960232 30.775114399958333
76.81955969580056 30.775039773762323
76.81957934285414 30.775031898140217
76.81958131555452 30.775031107027555
76.81967961909434 30.774958015140776
76.81968033505163 30.77495376396838
76.81969402896982 30.774872607292092
76.81972306790969 30.77470048853548
76.81965786908468 30.774502054994738
76.81964377900948 30.77445917490218
76.8196359349204 30.774435300908195
76.8195647236712 30.774192532493526
76.81943989467766 30.77385562073307
76.81925628981332 30.773415511070645
76.8192542236882 30.773408279021936
76.81923760934701 30.773350118511317
76.81917408767663 30.773127760785354
76.81915189839079 30.77303555377734
76.81913585627646 30.772968892065172
76.81912970910496 30.772943348224597
76.81908951937748 30.772880522465723
76.81906856527516 30.772847768894092
76.81882017570923 30.772459485088337
76.81822593386055 30.771715822656894
76.81821969056932 30.771708010053814
76.81796384857977 30.771331812630574
76.81786504467831 30.771236572084078
76.8178548991055 30.771226791230507
76.81785269733474 30.771224668649264
76.81750137880353 30.771129103048526
76.81710766697745 30.77097971860512
76.81698046193995 30.770964168148296
76.81694801658853 30.77096020161202
76.81683555559977 30.770946453421715
76.8168126755095 30.770941637849784
76.81671188273799 30.77092042972534
76.81663120504231 30.770903453651467
76.81577861041289 30.770596270637352
76.81545022137932 30.770477953255345
76.81526585833691 30.77036261663046
76.81528423337609 30.770182075803305
76.8152119899626 30.770129567191677
76.8150739287849 30.770029217303748
76.81482530475866 30.7698485037266
76.81427274743413 30.769542976846445
76.81377790506998 30.769263883007294
76.8133960779551 30.769222621494237
76.81317070681999 30.769166324821384
76.81311311043723 30.769121897078072
76.81309375174287 30.769106963040894
76.81298599972284 30.769023844754354
76.81281104653306 30.768836238062015
76.81267323598534 30.768688825269518
76.81259457860072 30.768658260833327
76.81253899085097 30.76863665932456
76.81252618356994 30.76863168308838
76.81233320119239 30.768651667534026
76.81211534985452 30.768592853462952
76.81210773932744 30.76859079874812
76.8119135352411 30.768516105742982
76.81189115102087 30.76851351457724
76.81182807042329 30.768506211919934
76.81169898072037 30.768491265437373
76.8115432200366 30.768560490541304
76.81141315925481 30.76859787524142
76.81120435125692 30.768600006371134
76.81068426443665 30.768384273439292
76.80938108923377 30.767806681782382
76.80865123681153 30.767520964830872
76.8082305225263 30.767308718373915
76.80801435642789 30.76720698928246
76.80795199897413 30.767177641630713
76.80788353926464 30.767145423346665
76.80763671097066 30.76704420506801
76.80757873909211 30.76707165238941
76.80748104461003 30.76711790503329
76.80727142543344 30.767070405801544
76.80708527025202 30.766931755026388
76.80694262407312 30.766825510792955
76.80686514797311 30.766767805574265
76.80629642546505 30.766426392421288
76.80622075767374 30.766390676468156
76.80608067977822 30.76632455819247
76.80574452121574 30.766165888965844
76.80547833332909 30.76588451443082
76.80543009739159 30.765833527187084
76.80541066952692 30.765812989482164
76.80536691348777 30.765750806685098
76.80528584412664 30.7656355994759
76.80503257131879 30.765275670712096
76.80503272223578 30.76527546230031
76.80511280075514 30.765165145257363
76.80580348842766 30.764213630908987
76.80619658760271 30.763672077012462
76.80673339117209 30.763094080382302
76.80721185096039 30.76257889659632
76.80782842223209 30.76191499237346
76.81039925864143 30.758578374923005
76.81045029372932 30.758512134716568
76.8104512198924 30.75851093279094
76.81369266033941 30.754536886245067
76.81483438043796 30.753231073698615
76.8148780457473 30.75317948377465
76.81487998700663 30.75317719018513
76.81488055833516 30.753176515463704
76.81502934988893 30.752976585423564
76.81549603186554 30.753120645581944
76.81552566459182 30.753135035528476
76.81558774177121 30.753165180297902
76.81573264182319 30.753235543532295
76.81584880207427 30.753283876393784
76.81601321173754 30.753352284860195
76.81648372772383 30.753548058501053
76.81693690173351 30.75386385340007
76.81713239400395 30.754000081978884
76.8172745964151 30.754099174031158
76.81780439851516 30.754657527585117
76.8177948036096 30.755225502126827
76.81779323065956 30.755318647936612
76.81779281923114 30.75534300761336
76.81803723285365 30.756413837627175
76.81807714051014 30.75659443361539
76.81810081021958 30.756701546021926
76.8181485763382 30.75691770192751
76.81823833240813 30.7572544120623
76.81828792300506 30.757440447235815
76.8182972349413 30.75747537602502
76.81846222761122 30.757703720153618
76.81864164542797 30.75784170953277
76.81869484815067 30.757920556988854
76.81887761398846 30.758191416884625
76.81902541200556 30.758410454224258
76.81927226185908 30.75889502793905
76.81945489294962 30.759278031570442
76.81946460643277 30.759298400842194
76.81947125216927 30.759312337506696
76.81969724763348 30.759801529826692
76.81979484509755 30.760066655884547
76.8199164994449 30.760556918130572
76.81996746356589 30.760849550642504
76.82002054501604 30.76103100441488
76.82002356784697 30.761041338234193
76.82003321395648 30.76107431119241
76.82003715666227 30.761074365227437
76.8202267820356 30.76107692957594
76.8213652673008 30.76109232106912
76.82239603198707 30.761135644029547
76.82257942664558 30.761143351736617
76.8230061883893 30.761161285179536
76.824266983772 30.761315206041058
76.82442242016394 30.762364361308535
76.82649608577593 30.7635200920092
76.82781762164491 30.762388290787744
76.82942010382236 30.761088773283447
76.82961778798209 30.760928460477277
76.82974938128973 30.76082174414262
76.83126713796287 30.75953447241305
76.83175781573738 30.759165845724002
76.83283395612523 30.75835736563084
76.83356747636877 30.757806277561652
76.83569652401634 30.756165539687895
76.83695676334192 30.755146942726878
76.8376022172466 30.75461719699547
76.83775714159881 30.754489271955666
76.83778809395024 30.754501619805758
76.83779286310609 30.75450352274095
76.83786739722353 30.754533255615772
76.83807393787365 30.754866398283095
76.83807806293741 30.754861781077125
76.83786922799008 30.75452799224526
76.83625854688903 30.752675024774664
76.83382936851179 30.749880284432308
76.833814310951 30.74824314196079
76.8338406899793 30.747774114395302
76.83377295341363 30.74729156536078
76.83348594527362 30.74688552802078
76.83341821948771 30.746605906036343
76.83345481056418 30.746362389572408
76.83356998626171 30.74579412264762
76.83371638111029 30.74534322954439
76.83377404666334 30.744842643837636
76.83386297897815 30.74440068445189
76.83414511465604 30.74394072925863
76.834343716894 30.743507841417568
76.83444309661556 30.743074855121993
76.8347358539734 30.74222258111789
76.83493440949898 30.741888917565394
76.83520065397951 30.74201523874251
76.83609322723233 30.742597305680004
76.8365421854484 30.74296271679648
76.83668837727774 30.743003379626217
76.83685031926896 30.742714778706237
76.83668855963575 30.742597522633705
76.83593681976159 30.74212372159518
76.83461097377587 30.741252833400925
76.83335284818617 30.740503855690733
76.83274734595544 30.740102226209768
76.8314893317568 30.73956511912312
76.83194915958782 30.738699368573158
76.83301938546785 30.73887557206255
76.83314997086578 30.738812504019485
76.8333328139587 30.73854194478891
76.83375076322946 30.737996358140425
76.83442994527982 30.737090084154275
76.83451355687319 30.73686456035973
76.83551642707323 30.735863689701226
76.83608579277504 30.7351647879667
76.83606493389415 30.73500695226297
76.8362947454017 30.73481304503245
76.83674395514605 30.73427645822807
76.83695818896828 30.733884155034705
76.83723502817928 30.733496355740694
76.83787193012245 30.73377167012757
76.83822172600924 30.733812349962914
76.83854536026003 30.733740317826058
76.83877519961537 30.733659158836094
76.83885867556315 30.733776452039862
76.83895261778227 30.733812536822644
76.83907272253578 30.73374944307337
76.83917190283134 30.733636786591877
76.83977760718301 30.733533213550423
76.8402841698667 30.733316794365177
76.84100467801336 30.733068973528294
76.84194984043955 30.7327805459274
76.84223703183586 30.732433323001356
76.84278024218986 30.731766049713634
76.84328169076461 30.731175355535683
76.84548463652241 30.731753139129893
76.8456882360883 30.731757625403496
76.84606935802567 30.731703593976782
76.84643489149794 30.73162248963956
76.84700926351081 30.731478354087802
76.84748949837012 30.73146488596134
76.84826776100304 30.73038265153014
76.84796493712413 30.73021123467654
76.84740119038442 30.729949523628054
76.84702014210889 30.729760055523354
76.84676956784016 30.729719394054193
76.84638326531854 30.729732848525266
76.84658697897046 30.72925927997309
76.84684298625002 30.72863696396416
76.84759514743406 30.727108235152276
76.84813317810213 30.725899639008876
76.84875475298992 30.724776806724595
76.84916224676911 30.723829746785256
76.8493920546834 30.723446401419494
76.84907880495732 30.723392286566153
76.84865601825872 30.723238835624354
76.84769548026814 30.72293199015347
76.84685510721813 30.72270631739265
76.84666718774557 30.722611494411147
76.8460512524811 30.722340815561896
76.84561281713026 30.722016002565333
76.84514835758569 30.72161000234932
76.84482999644561 30.72131674866145
76.84507547547004 30.720843250739502
76.84510692638645 30.720613233025645
76.84478326967779 30.720495861250846
76.84463195745133 30.72039662651874
76.8446475540013 30.72033351472042
76.84466859524018 30.72012156970269
76.8446424282143 30.720053903719872
76.84452246898786 30.720022252725943
76.8444179994119 30.720013194910024
76.84356212323677 30.719268840937872
76.84386506030339 30.718655556220526
76.84417849508245 30.718200185145466
76.84454395758779 30.717704152333198
76.84501391302528 30.717248700309497
76.84521748654005 30.717338987561078
76.84610999511418 30.717722477684962
76.84672072733649 30.717948193774212
76.8474618670903 30.718173779593187
76.84834924269087 30.718498678126917
76.84920008740214 30.71875598126541
76.84943507230741 30.71832750116876
76.84896012313523 30.718016242738198
76.84821906782305 30.717452399844397
76.84806765857856 30.717393735219414
76.84754573650018 30.71722218869423
76.8467575789244 30.71693794578655
76.84690369709188 30.716825182388806
76.84748852998625 30.71631117986234
76.8480263073294 30.715792610350633
76.84831355531958 30.71535517931103
76.848322277961 30.71509296841471
76.848334555236 30.71472382258543
76.84833992716138 30.714516323738493
76.8482198637304 30.714268296246047
76.84794857161627 30.71402018007282
76.84760414585824 30.71370887839179
76.84742673847111 30.713429222695762
76.84731719790538 30.713117984753858
76.84728599761893 30.71264442417549
76.84721821973072 30.712337739614885
76.84699390142111 30.71195437790874
76.84686865920251 30.711837098313755
76.8464302768523 30.711376952952023
76.8458145194543 30.710799521449182
76.8454597109682 30.71050181018206
76.84522483925063 30.710285275960214
76.84496391998313 30.710082216229512
76.84469262158078 30.709757427589878
76.8444892385089 30.709252296387962
76.8443849081718 30.708977155265977
76.84427021307292 30.70853066685939
76.84411893228753 30.708255439492703
76.84391019705315 30.708034472322176
76.84373278247948 30.707935184604565
76.84344572044054 30.707871969651357
76.84311167741056 30.70786285353988
76.84292373817506 30.70778611381241
76.84267329595865 30.707583161585
76.84237064725124 30.70745229860881
76.84203662039091 30.707267280658353
76.84168176609076 30.70712288625494
76.84132690460407 30.706897257595386
76.84056497783462 30.706432559509196
76.84028315926199 30.706346778853643
76.83987607870785 30.706283515745117
76.83968821582909 30.70622029739244
76.83940118073963 30.70614812106054
76.83899411994842 30.706035238460643
76.83868621699489 30.70593597340121
76.83839912980312 30.70575999084403
76.83818520320474 30.70563357967188
76.83787218973556 30.705380976957617
76.83759034960337 30.7050967207792
76.83731914462582 30.704830579160085
76.83706345355326 30.704618559908347
76.83671385080426 30.7044109319613
76.83635379885185 30.704153757387562
76.83572234608918 30.703792809528938
76.83553980572852 30.703634931732225
76.83544063890766 30.70341836201448
76.83540948533359 30.703152307680405
76.83535732735159 30.702913257094465
76.83537303888589 30.70276443497808
76.83549839339393 30.702538973777006
76.83552462060695 30.702372080027466
76.835436075466 30.70197067632941
76.83526399688515 30.701609778234328
76.83487263774677 30.701275964059985
76.83447606927808 30.700996233698994
76.83391256777846 30.700702844724745
76.83362564857165 30.700427616654345
76.83345869757441 30.70004872085603
76.83326578526548 30.699773582837942
76.83272325942772 30.699056327721422
76.83225372350346 30.698659306897067
76.83109036298968 30.69746376915541
76.82993243997835 30.696056236471076
76.82921779513553 30.695221575914253
76.82858141691018 30.694707254344536
76.82926533218375 30.69413920353929
76.8302049861406 30.69350356752112
76.82970941075118 30.69312905458891
76.8287754395368 30.692677752926183
76.82830583444225 30.69240252050837
76.82758582665718 30.69213612217567
76.82737189826216 30.692023307384435
76.82719985651221 30.691581247979983
76.82716876132864 30.691139278477337
76.82736741926216 30.690458345249215
76.82752413305843 30.690047992819725
76.82753998293327 30.689849550217016
76.82742001023216 30.68967359317057
76.82685663808991 30.68923588379425
76.82631407452295 30.68880725867305
76.82568794607496 30.688635610329317
76.82514535286357 30.68830165008003
76.82568841140227 30.687611886273604
76.82620035140124 30.686732539411665
76.82761404274025 30.687725306465754
76.82824580991328 30.68707152802632
76.82887235068797 30.686228394710344
76.82916481339839 30.68589926527023
76.82961890099473 30.685624358848713
76.83000515680395 30.68533131945771
76.83044373229198 30.684921048755925
76.83124772177631 30.684095974232182
76.83187425087289 30.68328435051861
76.83158727507224 30.683130919210864
76.82995439749882 30.682354598003307
76.83012672850631 30.682070555216217
76.82966237945448 30.681862952927155
76.82946914914193 30.682133430147438
76.8292031472065 30.68200708459847
76.82956347134842 30.681393885948545
76.82922837549295 30.681028434642165
76.82916017629488 30.681009094889077
76.82908690071717 30.681002000374725
76.82845948228845 30.680913765834084
76.8273079948078 30.682188155292273
76.8250620179513 30.68064118070786
76.82394687361209 30.679873066684134
76.82245606370253 30.678842008258552
76.82183558296278 30.678496640058768
76.82089113649388 30.677735102318042
76.82084785296853 30.677627340484104
76.82087568547097 30.676895701050146
76.8208940182893 30.676413765351963
76.820770768534 30.67579726921924
76.8207700579666 30.675263110776797
76.82076964204663 30.674949487511277
76.81960894413938 30.674397553273735
76.8195330086501 30.6743566104113
76.81947758439371 30.674326726870074
76.81823333058861 30.673609437209514
76.81767885356433 30.67328978436209
76.81758596417069 30.673252826268392
76.81746895860492 30.673206273606585
76.81693325906501 30.673069998850583
76.81673589650218 30.67301979231308
76.81660964098393 30.6729398346724
76.81644045228332 30.67201850095211
76.81633357432405 30.671436480869893
76.81357126291023 30.67051746159202
76.8132981948268 30.67038816552977
76.81303033966697 30.670261336386414
76.81270765134218 30.670711033714905
76.8118041204395 30.670264771616562
76.81149410554677 30.67010097837575
76.81121889498135 30.669815227515528
76.81119945274368 30.669798813898865
76.81059602831617 30.669289369950473
76.8101888812867 30.66882417324236
76.81017743585166 30.668811096610387
76.81001665987371 30.668705712367522
76.80939824975066 30.668300358636863
76.80939615218446 30.668139900787278
76.8093960677428 30.668133447419255
76.80929574029864 30.6680487801494
76.80906037001608 30.668006064399187
76.80874024278818 30.667486214608253
76.8087296291931 30.66747844841558
76.80858216175605 30.667370533739213
76.8082813096792 30.667406121032286
76.80824875473328 30.667409972065368
76.80818604963152 30.667412936062703
76.80788379169125 30.667427224444605
76.80765843942075 30.66735728769369
76.80753606372623 30.667259613215634
76.80727344035459 30.667050003344297
76.80722888122156 30.66704333046178
76.80713233478642 30.66702887203296
76.80685765243041 30.66708689426958
76.80684095274927 30.667090422334425
76.80677287033221 30.66710946816471
76.80607161398038 30.667305637911785
76.80586296767923 30.667312240462262
76.80580656156421 30.66730167251786
76.80561185531964 30.667265191195177
76.80431846277021 30.666534071337402
76.80395999544596 30.666448942144658
76.803826460879 30.666417228752362
76.8037620337068 30.66642354856013
76.80351898732017 30.666447387498668
76.80329637131804 30.666571416798956
76.80316476094238 30.666481000144795
76.80306988986523 30.666415824007164
76.8027654705784 30.666675966551804
76.80267157058007 30.666676865184527
76.80254201285484 30.666589363199712
76.80251368178739 30.66657022918072
76.80248371578614 30.666565148770825
76.80238812156519 30.66654894013654
76.80215582352092 30.666731629994235
76.80204354039863 30.666910112246683
76.80196165896047 30.667040266004463
76.80198040500382 30.66707172652528
76.8020471183884 30.667183681884417
76.80147142585204 30.66783428481582
76.80134586473152 30.667812996050145
76.80132167579588 30.66784794108678
76.8013049859962 30.667872050882963
76.8014784578641 30.6682164355971
76.80149257938037 30.66824446970514
76.80147540988031 30.668313310165107
76.80146776611558 30.668343957420774
76.80085302471213 30.66918889728786
76.80094750322553 30.66962080676078
76.80090586810873 30.669619425241994
76.80073867995625 30.66961387521419
76.80042254484145 30.670044847870955
76.80026447548742 30.67026033579639
76.80019846728038 30.670217822687306
76.80008315593722 30.670143556439466
76.79899357046452 30.669274162373434
76.79826352310785 30.66869163588592
76.79775996169553 30.6682846015342
76.79727710465389 30.667894298525738
76.7968658370522 30.667573771413664
76.79678824057797 30.66753504247291
76.79672402900147 30.667502993321975
76.79653208058481 30.667586128077424
76.7964161709637 30.667661736113313
76.79633556333664 30.667714316780348
76.79567421284466 30.66820795396814
76.79523287593547 30.66856632203916
76.79479153273809 30.668924691871627
76.79411679914502 30.669580814565855
76.79401080243308 30.66985242567619
76.79367500768831 30.670496112377805
76.79321806973753 30.671050872081096
76.79256560897363 30.67182393860159
76.79196270107747 30.672389163807065
76.79131939594295 30.67306297715331
76.79119947175084 30.673465537929655
76.79099597369456 30.674132648196302
76.79089455389898 30.674465121475343
76.79086070358245 30.67452368239942
76.79070579629823 30.67479166529582
76.79034997630914 30.67511089827767
76.79008893487072 30.675492309470094
76.7899656312165 30.675637831309167
76.78974167492795 30.67566714193841
76.78939153139314 30.675634475076603
76.78924053896694 30.675569482042665
76.78876702440425 30.675365659321066
76.78829900034462 30.675228880002273
76.78797606857638 30.675134501742203
76.78703896942817 30.67490475364026
76.78657418020185 30.674877771454724
76.78603543896641 30.67484932437476
76.78599973991703 30.67484743841012
76.78595847580446 30.674838430436637
76.78546595199205 30.674730907201145
76.78512081746325 30.674543931282205
76.78495093795817 30.674451899581197
76.78467528182841 30.67429439410122
76.78464066974051 30.674274617239554
76.78457022924582 30.674280782008484
76.78347841325626 30.674376333945176
76.78314168785684 30.67429719331838
76.78294444387159 30.674250835088625
76.7820951361778 30.673948039220807
76.78183403814553 30.673825995772344
76.78171709007194 30.673771332335193
76.78170805391849 30.673797247057696
76.7816618382921 30.673929797498136
76.78149875993205 30.674146393974052
76.78149770441155 30.674147797061632
76.7812237586741 30.67434443695266
76.78072353989299 30.674002103772516
76.78056272888068 30.67383918916497
76.7805119471177 30.67378774218636
76.78047275991005 30.673746745754105
76.78026853960831 30.67353309055791
76.78050116014775 30.673363963974456
76.77982237964437 30.67293777405495
76.77964798430835 30.672768100947934
76.7794961321944 30.67273348219833
76.77945421680327 30.672709922187384
76.77935424778684 30.672653733705324
76.77932190664 30.672577428020855
76.77936290215631 30.672518381472685
76.77960036192019 30.672322118775885
76.77962500899666 30.672213676387507
76.77958107059946 30.672176605849153
76.77956688979441 30.672164642274236
76.77943926344702 30.67215555755906
76.779399847169 30.672152752098715
76.77937337202096 30.67213047993947
76.77938108136271 30.671922915004753
76.7791524762926 30.6716004719617
76.7790479168851 30.671511005732977
76.77875135785698 30.671257255964694
76.77841639495215 30.67117487770099
76.77738260474001 30.670729503977867
76.7774899246704 30.670557172153178
76.77703874492065 30.67037215301869
76.77685612011831 30.670373933216897
76.7766060524994 30.670403440925167
76.77626462441947 30.671024683103617
76.77620399083276 30.671042538277163
76.77593197198156 30.67112264738217
76.77569448257329 30.671711216747255
76.77533331670992 30.67180718304492
76.77474285227703 30.671964074466047
76.77433140231733 30.6720900831465
76.77411921934892 30.672155063841355
76.77411407200235 30.67218146576131
76.77397741758635 30.672882509004765
76.77350805952854 30.673698783282635
76.77305927828056 30.67449234097118
76.7727635861267 30.675018340191087
76.77257392571909 30.675277313782587
76.77240969931209 30.675396746275517
76.7722534301819 30.675510392511708
76.77211132568709 30.675588868469276
76.7719374468824 30.67568489195115
76.77176716852533 30.67583083998183
76.77156252332045 30.676148457093657
76.77143936609167 30.676307492404682
76.77146008573368 30.676317665333915
76.7715654410485 30.67636938910377
76.77163647443128 30.676422572300687
76.77174986607467 30.67650746710409
76.77175643725097 30.67660656464321
76.77169535720152 30.67671130209576
76.77168499693137 30.676729066596067
76.77151999078673 30.676879413798307
76.77131347169616 30.6770483117172
76.77124286680977 30.677179938301087
76.77120647426099 30.677247784237732
76.77109646926623 30.67752844795824
76.77100950426188 30.677750328650625
76.77097872618363 30.677786637587932
76.77025885314585 30.678208548354377
76.77024896898278 30.6782419174048
76.77020392655612 30.67839397199669
76.77020735183233 30.678411323623845
76.77028212490163 30.67879011429827
76.77024292871083 30.678984348947303
76.77005403007456 30.67930190778873
76.77004596769487 30.679482320678872
76.76989458450151 30.679876197176185
76.76967837348737 30.680099273060616
76.76912130931507 30.680600706354014
76.76843443858418 30.681148637228173
76.7669785848173 30.68235781957699
76.76693793245745 30.682439439693685
76.76644915821304 30.68297630256044
76.76551330502812 30.68433569641439
76.76541463048406 30.684479025585752
76.76519463217267 30.684859589387298
76.76493486813858 30.685308938319597
76.76462207924823 30.68573588094553
76.76427177222004 30.68608650426872
76.76401003907887 30.686418323782554
76.76390549853598 30.686353387447628
76.76373117057365 30.686245102958555
76.76324627166137 30.68668278881351
76.76306246287952 30.686560403005377
76.76259879834392 30.686251679493612
76.76252027480831 30.68623440189293
76.76251277118075 30.686241027098028
76.7624738238233 30.68627542315306
76.76228837292108 30.686462087434624
76.76208718982332 30.686639941476525
76.7619469008237 30.686690887192896
76.76178502351118 30.686678899149985
76.76175371093532 30.686671901617856
76.76153370723405 30.686622733472632
76.76120752895439 30.68650301821239
76.7610670054945 30.686451441242465
76.76059002253652 30.686289174155387
76.76029677739349 30.686215358288468
76.75995258609574 30.686232277439263
76.75960967040571 30.686348278722114
76.75952808181832 30.686383312074078
76.75899723857086 30.68661125374307
76.75897105178201 30.68659803042168
76.75895993243543 30.686591877254358
76.75891418842454 30.686566560037406
76.75875268570947 30.686477177199063
76.75845057778784 30.68630997370147
76.75834594651515 30.686288428665687
76.75655436088554 30.68617045813422
76.75655269181573 30.68604192465452
76.75655207467312 30.68599442717204
76.75655167761778 30.685963851181658
76.75655096525375 30.685908947404364
76.75653021956057 30.685898587760335
76.75651565786983 30.685891317468084
76.7564786742296 30.685872849331876
76.75640915989797 30.68583813794048
76.75603127908211 30.6856749953152
76.75553279584612 30.685458826412045
76.75465769392727 30.685183161650187
76.75453654353478 30.685153223518647
76.75435925921684 30.685109410603413
76.75424767588211 30.68506127763599
76.7541867548345 30.685034998980136
76.75396038117952 30.684937350874847
76.75357294947558 30.684923306887676
76.75356900497317 30.684923163967937
76.75356881273372 30.68492315701514
76.75315588504536 30.684872987540725
76.75293028663648 30.684780494432736
76.75269521908622 30.68467126645202
76.75265182955968 30.684651105444562
76.75263853000189 30.68464492511421
76.7524262661851 30.684546293940876
76.75207139032537 30.68535243131453
76.7520523496346 30.685399935293095
76.75202678717486 30.685463715784714
76.75174633134654 30.686163456702594
76.75169215395175 30.686298628354574
76.75168887779591 30.68630187065494
76.75165448130367 30.68633591518813
76.75104803494358 30.686936155827915
76.7499235292608 30.68836295970782
76.74941728907234 30.688147142908925
76.7492948415126 30.688094941853734
76.74919269947151 30.688051397563257
76.74884775269064 30.687904340128977
76.74877132761951 30.687825399081706
76.74875548852442 30.687809037966662
76.74875509057077 30.687808626988147
76.74874825079817 30.687801561556494
76.74874667335654 30.687800123904097
76.74874115051418 30.68779508632661
76.74871258229152 30.687769030127086
76.74864152016266 30.687704213668166
76.74834740095885 30.687532581131187
76.74828908053397 30.68753493808424
76.74815489828165 30.687540361934367
76.74814415802413 30.687540796089547
76.74811125093865 30.68754212636581
76.74810571911311 30.68754297536322
76.74809965997653 30.68754390547508
76.74809001027374 30.687545387937348
76.74798843776456 30.687560983531743
76.7477462366926 30.687598172540575
76.74766059939824 30.687783887159853
76.74766446125568 30.68781477312534
76.74767228378516 30.687877324494675
76.74767433823223 30.687893764394722
76.74769309775031 30.688043784436843
76.7479728645708 30.68845190046908
76.74788757222952 30.688981033422387
76.74759145607085 30.689642084391224
76.74748502098103 30.689879688514658
76.74747899059055 30.68989315086139
76.74746940197319 30.689914556815342
76.74747878757127 30.689922651061188
76.74750818853221 30.689948008340494
76.74754606958945 30.68998068040288
76.74778112456329 30.69018340468704
76.74764286575625 30.691167377773496
76.74742482487386 30.69311845239053
76.74739626832925 30.693373981656496
76.74738478606334 30.69347672339737
76.7473243833436 30.69401721264475
76.747152921007 30.695555008583394
76.7465510416818 30.695345070030264
76.74601048315455 30.695027236431212
76.7458217668763 30.694916274286232
76.74572254346157 30.69485793429297
76.74513260364482 30.69451105914379
76.743178776885 30.693702344815815
76.74265604542457 30.693549456116322
76.74252992914519 30.69351256989112
76.74198970299459 30.693354561721776
76.74147090076515 30.693202817276198
76.74052811528122 30.692961654043923
76.74030659252878 30.692904988368035
76.74020285777473 30.69287845306792
76.73998863473227 30.692823652872427
76.73998530108427 30.692824062284657
76.73996239045127 30.692826870234406
76.7396250568924 30.69286821545041
76.73931221949304 30.692906558037652
76.73930150259166 30.692907872017944
76.73929895946112 30.692987694164923
76.73929561952487 30.69309253899044
76.73928561947915 30.69340641618321
76.73924975424144 30.694532219975653
76.73906572447403 30.694723179395087
76.73911068964557 30.694786824726382
76.73917851065286 30.694882818303135
76.73920879106447 30.694925678203187
76.73948516404984 30.695316858399224
76.73957315852348 30.697033909902334
76.73943479371522 30.69799930948846
76.7394639449445 30.698019745012147
76.73949606780074 30.698042263786363
76.73952484443257 30.69806243667339
76.73960668005664 30.698119805325565
76.73953168330684 30.698231249647456
76.7393922225539 30.698305676589094
76.73938901646667 30.698304756622544
76.73933559724996 30.69828941534926
76.73916485715887 30.69824038597978
76.73911011292714 30.698224665431812
76.73910217451498 30.698222385983012
76.73866906527547 30.698663817883297
76.7385834100148 30.69875111778443
76.73851586568861 30.698819958899215
76.73847751121923 30.698859049921616
76.73840545285873 30.698979489070492
76.73833447337483 30.699098124455183
76.73817655224286 30.699362073527517
76.73787739169369 30.69986208516477
76.73801223061443 30.699909929591737
76.73826018359917 30.69999790886624
76.7383458550295 30.70002830661731
76.73933834789139 30.700380461478566
76.73904116992404 30.70329525592945
76.73905828013524 30.703463386224453
76.7390606759421 30.7034869163323
76.73908214208414 30.70369784205108
76.73912806755473 30.704149097587642
76.73962303747965 30.704983957440106
76.73925989532268 30.705537824639585
76.73910461793255 30.70577464969733
76.73910234519485 30.705778117648496
76.7390871995992 30.70580121852535
76.73823733135664 30.70581224336261
76.73790035442896 30.705816614215134
76.7376424301446 30.70581995858528
76.73754089716128 30.70582127547929
76.73610207185891 30.705859734182493
76.73511435354277 30.706064840313445
76.73348277672989 30.706511804324972
76.73148366499828 30.70679065210269
76.73000893672898 30.706881702198785
76.73013925263228 30.708199606125266
76.72963675482531 30.709564027200567
76.72907027541049 30.711829325648047
76.72963286781507 30.71197623386727
76.7304567531863 30.712191367936924
76.73066600944355 30.71224600962044
76.7307350539563 30.712264037893725
76.7311178225056 30.71249575763276
76.73122220853821 30.712558951020192
76.73132323217676 30.712620107765247
76.73134747860458 30.71263478565631
76.73086493956659 30.713177038908665
76.73083386414595 30.71321196057653
76.73069816374081 30.713364452818595
76.73006070124889 30.714080788326562
76.72868827132748 30.71593835177976
76.72997781459594 30.71677261842725
76.73047458025314 30.717053186532794
76.73078664959296 30.717229439636014
76.73099903468231 30.717349389394617
76.73119193800808 30.71745833866739
76.73118468680711 30.717488062896003
76.73116619947858 30.717563848864128
76.73113516358383 30.71769107846033
76.73095816852339 30.718416659122365
76.73087302889572 30.71906645809196
76.73066004013847 30.720672401517568
76.73074646705194 30.72113640006939
76.7307959049353 30.721248720560716
76.73087782320438 30.721434835309783
76.73090268228323 30.72149131510793
76.7309833132665 30.721674503352887
76.73098367079598 30.721681640439858
76.73108047594597 30.723609479415146
76.73053607173095 30.724149517991677
76.73049621258347 30.72418905822346
76.73049242348962 30.724192815096792
76.73049044000946 30.724194781953106
76.72955547885165 30.723536597922415
76.7281399522545 30.725403489820273
76.72728376077067 30.72640704365008
76.72678032512252 30.726997116084494
76.72675848887458 30.727022709952536
76.72675712523197 30.727024308410776
76.72573784730326 30.727888345331902
76.72555337017486 30.727715978873686
76.72552424050512 30.727688759715704
76.72550899789141 30.7276745180907
76.72547980084805 30.72764723791744
76.72483787013589 30.72840350311329
76.72482549404621 30.728418084394562
76.72369782629366 30.728372499640265
76.7232122886792 30.728462183432764
76.72319322193732 30.728465705393656
76.72208789618416 30.729283215361527
76.7212511613111 30.730020408052983
76.7206719806165 30.730800511650894
76.71970660250317 30.731989138458328
76.71848359475285 30.733289349004096
76.71752929556192 30.73480291842061
76.71719925542486 30.735379810070057
76.71715504214318 30.7354570922681
76.71705640173509 30.735629508969005
76.71693405478668 30.73584336257276
76.71682693967217 30.736112490132143
76.7164605465122 30.736422633864965
76.7163817175494 30.736489361034177
76.71636848716189 30.73650055917979
76.71634425241214 30.736521073796183
76.71570085834439 30.737263764982192
76.71560402893992 30.737443878016897
76.71557810445915 30.73749209989674
76.7154624445697 30.737707237256945
76.71532487207551 30.73796313560822
76.71480245951697 30.739215917805332
76.71434955500185 30.74015833604458
76.71425216415034 30.74060516441119
76.71423887537233 30.740666129644374
76.71422183163644 30.74074432407575
76.71417074264961 30.740978717827
76.71327912071267 30.740543371455008
76.71281823646291 30.741295021825586
76.71256043345109 30.74122102414107
76.71171200161469 30.74098042800684
76.71069185771005 30.740721380584166
76.7095302668774 30.740310537049705
76.70818773558362 30.73974554596107
76.70757492106645 30.739548661777164
76.70744819572931 30.73950794730261
76.70740518529185 30.739619739887683
76.70672863350866 30.74050618046583
76.7057959639531 30.742065051138614
76.70516329936314 30.742974478575988
76.70564690559969 30.74345654198794
76.70603372195768 30.743864373397294
76.7060953427929 30.74392967867042
76.70640989327953 30.744263035593647
76.70662500834905 30.744698829936716
76.70668172707778 30.745107737738525
76.70668741161688 30.745148719294313
76.70620533251629 30.746317751344353
76.70609965560458 30.746616757129935
76.70588398717285 30.747226971871807
76.70588403208862 30.747273319746558
76.70588420366686 30.74744955387609
76.70596138781437 30.747498389150152
76.70604531022484 30.74755148604673
76.70679402097984 30.74777291387967
76.707140863206 30.747875490357263
76.70686209082051 30.748376599179643
76.70736695478998 30.74854321489023
76.7070990978335 30.749239069669226
76.70732901803721 30.74931436436994
76.70763608825247 30.74941492191072
76.70772160876582 30.749577549107144
76.70791544903446 30.749916512955203
76.70819954483632 30.750157156251294
76.70827969162765 30.750208569458703
76.70840013324937 30.75028583126929
76.70844134795459 30.750396945097773
76.70828730215474 30.750596949974884
76.70808068065625 30.751054926374536
76.70777274266842 30.751570337037638
76.70763775552562 30.751793359854044
76.70754682895088 30.751943588537333
76.70755730510373 30.752138962829804
76.70754867049723 30.752174738110707
76.70746508405668 30.752521032971682
76.70736276774242 30.75317837673747
76.7073630480168 30.753483414397028
76.7073632824771 30.753738018674753
76.70731536544153 30.753820989587727
76.70710666254651 30.754182372368323
76.70671629694485 30.75460008526533
76.7063566591158 30.75493783178024
76.70590475083233 30.755506702474005
76.7055351039744 30.75571377031898
76.70523719747334 30.755935991497264
76.70518584707675 30.756078128884667
76.70554607330233 30.756504325953188
76.70643108004552 30.75734761226231
76.70743941200249 30.758173097684253
76.7079744422975 30.75856361834213
76.70811951302935 30.75864228225517
76.70882850297747 30.759026723482794
76.70903165787729 30.75917777612442
76.71002213402132 30.759914219780118
76.71021762988505 30.760118438962216
76.7101357439553 30.7605448427776
76.71020785801136 30.760722452131407
76.7103266826656 30.760801302631688
76.71047538528616 30.760899982420597
76.71069021019984 30.761029661257563
76.71088689633129 30.761148390886206
76.7110721136715 30.76132590417942
76.71133969484518 30.761521159083575
76.71135928710152 30.761529666474583
76.71166983110197 30.761664497830658
76.71287313430652 30.761956817434893
76.7141380978722 30.762124740438814
76.71455551264535 30.76223594404273
76.71513571023287 30.762390513913218
76.71578375757376 30.762621105011892
76.71681245254159 30.76306447056973
76.71720389432497 30.763271384758966
76.71734810267414 30.763347612533863
76.7173942904528 30.76334757085066
76.71771929104113 30.76334727598071
76.71776962634146 30.763347230437947
76.71872626833866 30.763693016566457
76.7188339754429 30.763719513081096
76.71893952479384 30.763745477744063
76.719014254744 30.76376386072426
76.71926071023715 30.763381698569102
76.72021740164169 30.763780743112964
76.72050529552058 30.763780499962145
76.7207506811202 30.76387000413003
76.72077277877791 30.763878065151452
76.720850548627 30.763907161395988
76.72095905613016 30.76394775594536
76.72121178006735 30.76404230667487
76.72126518850425 30.764062288214028
76.72120375541691 30.764319985320224
76.7212038416552 30.76446206092746
76.72176062734977 30.764702038771603
76.72176543872642 30.764704112095075
76.7225206065717 30.76502958781799
76.72381683420419 30.765570467932754
76.72431070009964 30.76585429877053
76.72456562131599 30.76592173961725
76.72464925267234 30.765943863533078
76.72484511684527 30.765995680499753
76.72599676692101 30.765941499233755
76.72627437778482 30.765914635139115
76.72629528876803 30.765673273999916
76.72631864406709 30.76540366709944
76.72632517661582 30.765328264564875
76.72744590308619 30.76521196384526
76.72880301403704 30.764917753713043
76.7294214232618 30.764948655112867
76.72948886428175 30.76495202521972
76.72950227702725 30.764952694455307
76.72956638170426 30.764959201555374
76.72975193501438 30.76497803509214
76.73063297569558 30.765067454009657
76.7317335682255 30.76537739798544
76.73275165678479 30.765801215054267
76.73290707700703 30.765865913410554
76.7329475254493 30.765882750660886
76.73297239440966 30.765888799967076
76.7330429031763 30.7659059475133
76.73342076243256 30.76599784565024
76.73389299240438 30.766093430240716
76.73392866540264 30.766100650488983
76.73393551326005 30.76610203680129
76.733945237523 30.766104005117736
76.7345934483573 30.766405421042762
76.73612575773801 30.767097383811926
76.73620927949989 30.76713436693063
76.7363526083984 30.767197834785925
76.73760731050854 30.767753414664703
76.73922307876906 30.768252328261756
76.73964413171912 30.768382336816188
76.7398077391869 30.768431782056883
76.74061108817243 30.768674564234235
76.74176396175358 30.769138428872267
76.7418422687952 30.76916993560216
76.74190731490658 30.769196107198027
76.74195776339465 30.769214380304348
76.74225842233372 30.769323283284102
76.74300823891487 30.769594876008107
76.74395301237051 30.769700620106445
76.74395433289399 30.76970188441303
76.74396653920206 30.76971357037168
76.74407299135987 30.769815484375183
76.74391454471342 30.770908604208355
76.74383539415373 30.77154136728066
76.7444265493911 30.77159758229221
76.74443485970578 30.771598371889336
76.74446196457282 30.772001006160696
76.74496821284615 30.77205806761329
76.74526564683335 30.77236780923664
76.74527631881894 30.77237892216743
76.74528825563243 30.772391352625007
76.74538180259283 30.772655890596884
76.74518240624417 30.77297817413708
76.74514254889331 30.773483168905425
76.74487779471784 30.77473742782571
76.74425265351837 30.775508762657516
76.74377010639553 30.776031753540003
76.74372607996344 30.776079470629256
76.74365874943626 30.77615244357741
76.74424431445757 30.77649641626104
76.74430310290472 30.776527969205333
76.74447198527982 30.77661861227778
76.74554094633197 30.77719233989301
76.74571790006988 30.776955623958546
76.7457344102065 30.776933538077333
76.74575998793757 30.7768993210049
76.74610788748082 30.77701868631477
76.74646176351561 30.777140102149897
76.74664461379507 30.777202836370325
76.7467779633091 30.777243910001218
76.74711162904666 30.77734668275855
76.7478152138317 30.777563392757965
76.74787337435644 30.77761116928764
76.74793464574705 30.77766150043859
76.74884212654202 30.778406944512977
76.74913233268443 30.778603751558993
76.7491937442122 30.778645398802162
76.74937830488393 30.778770560382778
76.74966674673516 30.778857984536195
76.74967157158656 30.778865403719355
76.7497073559759 30.778920440565134
76.74985325315782 30.77914483244648
76.7502444371247 30.77950181052339
76.75049310157512 30.779747411090877
76.75077770223018 30.779943113295726
76.7509260598977 30.779995841138884
76.7509876573767 30.780017733372755
76.75117500192754 30.78004930522832
76.75126985144513 30.780065288727094
76.751291357113 30.78006891299085
76.75130967555828 30.78007183339407
76.75136463179241 30.78008059228789
76.75185138303081 30.78015817665015
76.75216061998253 30.78023184804831
76.75216866798915 30.78023679821598
76.75218343629244 30.780245879696874
76.75221850202954 30.780267444641208
76.75230601231125 30.780568671106636
76.75220134780086 30.78095752725195
76.75205419118092 30.781297115325337
76.7524489711039 30.781527803896164
76.75225217897123 30.782061826790667
76.75236077361097 30.782134762786892
76.75237947743351 30.782147323183143
76.75251039969966 30.782235254400515
76.7521444197647 30.783014413344343
76.75239701524282 30.78316077698622
76.75221147181412 30.78346876803595
76.75208020549326 30.783686661223765
76.7520390383987 30.78375499405941
76.75169605443672 30.78429487600784
76.75173848456252 30.784320604367792
76.75216465431646 30.784579017416714
76.75244421452447 30.784726901319335
76.75322352279638 30.78513914278116
76.7535375378871 30.78530525034033
76.75499379679418 30.786012662255146
76.75597788681489 30.786557827104776
76.75691400140954 30.786976638099286
76.75694335655639 30.78698977202386
76.75694467079165 30.786990360075443
76.75826321706737 30.78754581022614
76.75826748406497 30.787548270459126
76.7582851952491 30.787558477956043
76.75876327055846 30.78783402748624
76.75875106245375 30.787867520659493
76.75869145384479 30.788031068364692
76.75858676507987 30.788318296380844
76.75843466952247 30.788630722897405
76.75839082185516 30.78872079044659
76.75838827513132 30.788726023393952
76.75878982475827 30.789069383138994
76.75923369491659 30.789452867827393
76.75941344241504 30.78961348500578
76.75950570927617 30.789661139023192
76.75961441171378 30.78971728016671
76.75964486909346 30.789733012028254
76.7600752770989 30.789891113775088
76.76011541741909 30.789923820643633
76.7602534327827 30.79003627622292
76.76038155140684 30.790140668220104
76.76048806465009 30.790297546932276
76.76053335052016 30.790381261107004
76.7606236060534 30.79054810275123
76.76082533802182 30.79092101325256
76.76097465778496 30.791032771602282
76.76107908424181 30.79111092898227
76.76115248378704 30.79116586467478
76.76159702588515 30.791457863917877
76.76170049204298 30.791525824681237
76.76235681825753 30.791864027308755
76.76279986106744 30.792092323017243
76.76338740777229 30.792340223444235
76.76388231751008 30.79254903550448
76.76462801351899 30.79286365449049
76.76543651883429 30.79316243774508
76.76544188896304 30.79321395221836
76.76544320948652 30.79322661457152
76.7654604643265 30.79339213326624
76.76635369424777 30.793780296305865
76.76743137704301 30.794288315583085
76.7682866504486 30.794564074238654
76.76845204646209 30.794034817122068
76.7694788962903 30.794245721338477
76.76939766253749 30.79443140025258
76.76972891001031 30.794590525211593
76.76997759961354 30.794699986695953
76.7701598839544 30.79478022071502
76.77028753275961 30.794826887535518
76.77047580167687 30.794895716347384
76.77061541334673 30.794946756865933
76.77149328746657 30.795267692488213
76.77176643729669 30.79497636149636
76.77232041934926 30.79419980352097
76.77285746815872 30.793425356734097
76.7728696735685 30.79340775726437
76.7728997662322 30.79336436086443
76.7732169838169 30.79285171206154
76.77379224695854 30.792101969791954
76.77440072171456 30.791496223618456
76.77499386672024 30.790917671064488
76.77525311422302 30.790770862387284
76.77541845723592 30.79062941520227
76.77554301134501 30.790569569695652
76.77561086828496 30.7905768876554
76.7756463903662 30.7905807175649
76.77565813673688 30.790581984683833
76.77566114788969 30.790582067254945
76.77577837174606 30.790585274408464
76.77584648380756 30.790602699220738
76.77593550864884 30.790580756149545
76.77595410647018 30.790576173068178
76.77596109985465 30.790574449107257
76.77597521957429 30.79056365081401
76.77601671814715 30.79053191186588
76.77603865410806 30.790515135262897
76.77603882478799 30.79051485127986
76.77603948055813 30.790513770909733
76.77607439986986 30.790456092246316
76.77617282198732 30.79039198379472
76.77625073287192 30.79035515083651
76.77649041147455 30.790307718639422
76.77685015350819 30.790250050656084
76.77708140591346 30.790204608609688
76.77710595327692 30.790199784741414
76.77711588505069 30.790197833895284
76.77711682019691 30.790197781419966
76.77713643041957 30.790196696416142
76.7777110638422 30.79016491027345
76.77795142516443 30.790171574637725
76.77862355274486 30.790034191869914
76.77903450144464 30.789925597863338
76.77907632071606 30.789914546380388
76.7791910346795 30.789884233315963
76.77940424262567 30.78981827472169
76.77957400624808 30.789765755992057
76.77989865200185 30.78966532086429
76.78036642004169 30.789480318787948
76.78036652244963 30.789480305669038
76.78037340893457 30.789479436733444
76.78083052565005 30.789421684909588
76.78100697722974 30.78931526409748
76.78104788740609 30.789290589676362
76.78105861688385 30.78928411972016
76.78109564633817 30.78926668386508
76.78110904021908 30.78926037750831
76.78131301078915 30.789164339792602
76.78162601258025 30.789125198197226
76.78196615966257 30.789175940814786
76.78236371987134 30.789212558919505
76.78251499167361 30.789218755697515
76.78254972503406 30.789220177946756
76.78263031649148 30.78922347929354
76.78268561947529 30.789226613180656
76.78270181070997 30.78922752919242
76.78276630705244 30.78923118475077